5
5
2
8
RELU
1.023,-1.45,-2.8,0.56,0.75
0.45,-2.3,1.35,0.38,-0.93
1.05,2.59,-0.94,0.54,0.36
5.93,0.74,0.35,0.26,-0.03
0.25,0.124,-0.456,-0.243,-0.325
0.853,2.052,-1.342,-0.32423,1.24321
0.341,-2.532,-1.433,0.23424,3.5422
-0.4351,-0.23141,3.1233,0.1234,2.3214
0.3421,-0.32114,0.2342,-0.3421,0.54213,-0.2341,-0.24343,0.43512
8
SIGMOID
9.43218,-7.543917,0.92318,1.849,0.93281,-0.5989,0.2328,-0.429332
0.23198,1.82309281,-0.924381,2.019384,-1.908134572,-1.239048,2.890359,0.920814
2.39041,-1.875134,0.903218,1.7825341,-1.9481,1.9218,1.87349,-2.710439
0.904328,1.48939,-0.948312,0.82341,-0.903284,-0.890213,1.832109,-0.3892
-0.8904,-0.94832,0.3921,0.9523,-1.90832,0.81590,1.71493,-1.31489
1.43987,1.398,-0.8432,-1.3409,1.34109,0.2319,1.413,-1.8094
2.39084,-1.358,-1.4309,2.3209,-1.413809,1.34091,-1.43908,0.3098
-1.439,-1.9032,0.293,1.314890,0.23089,0.134981,0.2309,-1.34109
-1.87834,1.87943,1.98304,0.48391,1.8139,-1.894,1.897143,0.89431
8
TANH
0.4589,-1.23890,0.412389,-0.2349801,1.42399,0.893124,1.382,-0.89314
1.89243,-3.981,-1.28934,0.983421,1.4891,1.0392,-0.1489,1.94890
0.4389,1.34108,-1.3489,0.4198,-1.438912,1.98,0.9841,-1.8999
-1.8931,0.9843120,0.2389,-1.24398,-0.8931,1.89423,0.8931,1.8913
-1.472398,0.42398,1.90843,0.798143,1.3498,-1.7849,0.80793,0.431789
0.89134,0.3048,1.3489,-1.89134,1.4789,-1.8349,1.4389,0.89321
0.4389,1.3890,-1.89132,-0.43891,0.893,1.43981,0.1891,0.78041
-1.31098,1.4398,0.78032,1.89413,0.34801,3.23978,-2.7809,0.13470
0.904328,1.48939,-0.948312,0.82341,-0.903284,-0.890213,1.832109,-0.3892
8
RELU
1.3908,1.785,-1.498,1.34897,-0.4897,0.8149,0.9481,-0.413789
-1.480,0.789413,-0.89741,1.78,0.349018,0.328,-1.487,0.4389
0.490194,1.89734,0.901910,0.958190,1.8911394,-0.5819034,-0.89711,-0.893411
-0.879184,0.89529,0.8793410,-0.891143,0.941378,0.891834,1.789431,-0.897189
0.89413,0.7891148,0.81493,-0.89132,0.89431,0.8158934,-0.894183,0.89341
0.8974398,0.789517,-0.8943189,1.34190,-0.9341,0.89341,0.980431,1.31490
0.32891,0.87934,-0.843894,-0.89431,0.91123,-1.51801,0.90813,-1.897413
-0.98341,0.9034,1.3519,-0.9013,-0.7889341,0.48913,-0.9431,-0.089143
0.8312529,0.090231,0.0090954,-0.198034,0.4391034,0.48901,1.90413,-0.8901
2
RELU
0.089734,0.4389134,-0.2381394,0.3258279,-0.32893,0.2390314,-0.4389314,0.32489341
0.23890134,1.12390831,-1.32410,-0.3289194,0.9134,0.323490,0.3289341,-0.81434
0.0390314,0.3289341

